horses : 0.139390187699
fish : 0.0814247478391
alley : 0.139369396493
sign : 0.0165418679234
computer : 0.00928525860105
zebra : 0.178263551259
rocks : 0.0634999707021
birds : 0.117639751553
rainbow : 0.163655462185
leaf : 0.503234524413
whales : 0.218266161553
snow : 0.0493995128655
window : 0.0388362637196
boats : 0.0434074663349
balloons : 0.0697950606993
antlers : 0.0623389019167
cars : 0.0544447702835
bear : 0.0674317820742
tiger : 0.0128454389826
plane : 0.0860438037106
baby : 0.0971835106388
flowers : 0.107335097932
beach : 0.0159788359788
coral : 0.144407798692
tree : 0.0692891879355
dog : 0.0891208688113
cat : 0.0247125845354
train : 0.032003723919
flags : 0.0565315088527
tower : 0.106603826027
