horses : 0.402894525217
fish : 0.522656634456
alley : 0.294986259913
sign : 0.263866790164
computer : 0.380905173949
zebra : 0.690048058019
rocks : 0.183725076679
birds : 0.452048515327
rainbow : 0.28636068867
leaf : 0.273320266564
whales : 0.518286625976
snow : 0.140893981153
window : 0.24298433661
boats : 0.226930544705
balloons : 0.428215858234
antlers : 0.551833657298
cars : 0.546086112184
bear : 0.654742436354
tiger : 0.532635173599
plane : 0.504802652742
baby : 0.321582068801
flowers : 0.361049036352
beach : 0.26957012592
coral : 0.335998551305
tree : 0.520327259012
dog : 0.235169758132
cat : 0.36490232665
train : 0.563665696089
flags : 0.773821278357
tower : 0.180410152728
