horses : 0.403242235241
fish : 0.522433579285
alley : 0.307388611449
sign : 0.264658148345
computer : 0.358646421228
zebra : 0.790274988699
rocks : 0.173156412319
birds : 0.457898712008
rainbow : 0.283832119773
leaf : 0.255968058587
whales : 0.501232614323
snow : 0.139044099087
window : 0.195974519508
boats : 0.226238721766
balloons : 0.428405054566
antlers : 0.551584525353
cars : 0.497231361103
bear : 0.659736676568
tiger : 0.525074599873
plane : 0.502226584251
baby : 0.318760004552
flowers : 0.358725804029
beach : 0.266689565669
coral : 0.336882594577
tree : 0.520388468649
dog : 0.243250319473
cat : 0.367272098574
train : 0.561503661823
flags : 0.768715026198
tower : 0.180613051279
