horses : 0.377841002339
fish : 0.418772136523
alley : 0.299831337983
sign : 0.255782107183
computer : 0.379617096122
zebra : 0.644750593686
rocks : 0.168102295337
birds : 0.47491682757
rainbow : 0.300173914917
leaf : 0.314218191815
whales : 0.527043904112
snow : 0.149078025823
window : 0.274944073537
boats : 0.222476584607
balloons : 0.440113999177
antlers : 0.544071470746
cars : 0.641594408617
bear : 0.654070675576
tiger : 0.544297718957
plane : 0.514995373886
baby : 0.316682034576
flowers : 0.410150235117
beach : 0.262181292864
coral : 0.324838249406
tree : 0.523468967758
dog : 0.197518783821
cat : 0.386452754591
train : 0.621533930958
flags : 0.654142405236
tower : 0.183328201492
