horses : 0.404353346352
fish : 0.515375357267
alley : 0.306511804322
sign : 0.264398760994
computer : 0.372932135514
zebra : 0.78492282246
rocks : 0.176186615141
birds : 0.462014873624
rainbow : 0.281702586896
leaf : 0.252231620189
whales : 0.497821188844
snow : 0.138617865483
window : 0.200898910685
boats : 0.237126603404
balloons : 0.426958925541
antlers : 0.552158599427
cars : 0.496979831024
bear : 0.650335348704
tiger : 0.525178382739
plane : 0.503316723141
baby : 0.264002014526
flowers : 0.356773222011
beach : 0.266895681005
coral : 0.336882594577
tree : 0.519512435591
dog : 0.244737022341
cat : 0.364842668616
train : 0.561503661823
flags : 0.763384349286
tower : 0.180613051279
