horses : 0.384741053466
fish : 0.440571022561
alley : 0.367590323031
sign : 0.253022985317
computer : 0.37673039893
zebra : 0.704474560379
rocks : 0.199026682298
birds : 0.438048112376
rainbow : 0.246040117592
leaf : 0.445528862447
whales : 0.54122268617
snow : 0.137182057099
window : 0.196711548901
boats : 0.185257404688
balloons : 0.468532132209
antlers : 0.560957720961
cars : 0.44706784355
bear : 0.682935895504
tiger : 0.571325887812
plane : 0.451936411356
baby : 0.234574238557
flowers : 0.361295551281
beach : 0.215786376141
coral : 0.224730082607
tree : 0.521302821917
dog : 0.216241379201
cat : 0.349386282323
train : 0.554039435309
flags : 0.713672959508
tower : 0.1943278662
