horses : 0.385061562616
fish : 0.404847079251
alley : 0.304177744251
sign : 0.254430713348
computer : 0.37527048758
zebra : 0.617660220835
rocks : 0.208028480799
birds : 0.427073111081
rainbow : 0.29307703913
leaf : 0.191944733726
whales : 0.585286191007
snow : 0.122025025662
window : 0.269502982669
boats : 0.251764344397
balloons : 0.450937192926
antlers : 0.540221588134
cars : 0.539275523912
bear : 0.708648264234
tiger : 0.542089614714
plane : 0.423663599214
baby : 0.33700383415
flowers : 0.421619724309
beach : 0.261735471976
coral : 0.359774051351
tree : 0.493650273666
dog : 0.161653588832
cat : 0.386678984127
train : 0.629318279369
flags : 0.647777867325
tower : 0.17562452855
