horses : 0.399122403455
fish : 0.502228643007
alley : 0.304944091815
sign : 0.26085633466
computer : 0.369623836623
zebra : 0.761987828221
rocks : 0.176186615141
birds : 0.492647011213
rainbow : 0.287005617199
leaf : 0.286835776682
whales : 0.502880748687
snow : 0.136995067121
window : 0.198104031995
boats : 0.207011913328
balloons : 0.435654228523
antlers : 0.553259613403
cars : 0.489334131482
bear : 0.668715079909
tiger : 0.540496172684
plane : 0.486455562495
baby : 0.271377042894
flowers : 0.389461264199
beach : 0.221180214574
coral : 0.339743712642
tree : 0.544437648997
dog : 0.239679586161
cat : 0.370793959204
train : 0.564172361344
flags : 0.763538150168
tower : 0.173122208788
