horses : 0.117095805814
fish : 0.862279908101
alley : 0.0
sign : 0.0375090945248
computer : 0.215630459488
zebra : 0.0646509034503
rocks : 0.013734115347
birds : 0.0679568641076
rainbow : 0.00738545024781
leaf : 0.0
whales : 0.0330788706469
snow : 0.126612489324
window : 0.0653752236243
boats : 0.152127261859
balloons : 0.0
antlers : 0.0
cars : 0.0734880252332
bear : 0.151642638938
tiger : 0.050762091362
plane : 0.565804683623
baby : 0.0
flowers : 0.0411432721369
beach : 0.0
coral : 0.760940407271
tree : 0.0429759491741
dog : 0.117216592149
cat : 0.811522437444
train : 0.167789391642
flags : 0.00678828203332
tower : 0.113315347104
