horses : 0.0636572404029
fish : 0.0861970899471
alley : 0.00910931174089
sign : 0.0359341397849
computer : 0.0110663861618
zebra : 0.11122417355
rocks : 0.00243902439024
birds : 0.0222661947662
rainbow : 0.00384615384615
leaf : 0.0345356012747
whales : 0.014880952381
snow : 0.0481135531136
window : 0.0385488719936
boats : 0.00957661290323
balloons : 0.0378246158603
antlers : 0.0804216269841
cars : 0.00785738539898
bear : 0.122405193865
tiger : 0.244594737189
plane : 0.00232558139535
baby : 0.322222222222
flowers : 0.0264446281945
beach : 0.0141666666667
coral : 0.1049451426
tree : 0.00335858585859
dog : 0.212950312774
cat : 0.234570896983
train : 0.0259180502038
flags : 0.0730724513526
tower : 0.0
